[gd_scene load_steps=13 format=3 uid="uid://34p15yvjpntr"]

[ext_resource type="PackedScene" uid="uid://814k24stira3" path="res://addons/Ursula/Assets/Models/Buildings/Build2/building_dome_two_inputs.fbx" id="1_05yl8"]
[ext_resource type="Script" path="res://addons/Ursula/Scripts/ItemPropsScript.cs" id="2_a57hf"]
[ext_resource type="Script" path="res://addons/Ursula/Modules/InteractiveObjects/InteractiveObject.cs" id="2_qgmls"]
[ext_resource type="Material" uid="uid://bho48tauktn43" path="res://addons/Ursula/Assets/Models/Buildings/Build2/Glass_mat.tres" id="3_utssp"]
[ext_resource type="Material" uid="uid://cyogn54isv3fh" path="res://addons/Ursula/Assets/Models/Buildings/Build2/Build_2_mat.tres" id="4_wwne8"]

[sub_resource type="BoxShape3D" id="BoxShape3D_28u7p"]
size = Vector3(12.9518, 7.52039, 13.2469)

[sub_resource type="BoxShape3D" id="BoxShape3D_ivu0u"]
size = Vector3(2.6725, 1.96678, 0.567613)

[sub_resource type="BoxShape3D" id="BoxShape3D_ngd3m"]
size = Vector3(5.66199, 0.718262, 5.53235)

[sub_resource type="BoxShape3D" id="BoxShape3D_lxkkl"]
size = Vector3(12.2068, 0.563965, 11.8208)

[sub_resource type="CylinderShape3D" id="CylinderShape3D_bqdgl"]
height = 0.374307
radius = 6.23556

[sub_resource type="BoxShape3D" id="BoxShape3D_g8vjk"]
size = Vector3(1.22827, 0.235229, 2.72632)

[sub_resource type="BoxShape3D" id="BoxShape3D_n6w78"]
size = Vector3(12.2292, 10.7922, 0.414795)

[node name="Root Scene" instance=ExtResource("1_05yl8")]

[node name="ItemPropsScript" type="Node3D" parent="." index="0"]
script = ExtResource("2_a57hf")

[node name="InteractiveObject" type="Node" parent="." index="1"]
script = ExtResource("2_qgmls")

[node name="RootNode" parent="." index="2"]
transform = Transform3D(1.745, 0, 0, 0, 1.745, 0, 0, 0, 1.745, 0, 0.151262, 0)

[node name="building_dome_two_inputs_001" parent="RootNode/building_dome_two_inputs" index="0"]
surface_material_override/0 = ExtResource("3_utssp")

[node name="building_dome_two_inputs_002" parent="RootNode/building_dome_two_inputs" index="1"]
surface_material_override/0 = ExtResource("4_wwne8")

[node name="building_dome_two_inputs_004" parent="RootNode/building_dome_two_inputs" index="2"]
surface_material_override/0 = ExtResource("4_wwne8")

[node name="building_dome_two_inputs2" parent="RootNode/building_dome_two_inputs" index="3"]
surface_material_override/0 = ExtResource("4_wwne8")

[node name="building_dome_two_inputs_003" parent="RootNode/building_dome_two_inputs" index="4"]
surface_material_override/0 = ExtResource("4_wwne8")

[node name="Trigger" type="StaticBody3D" parent="." index="3"]
collision_layer = 8388608
collision_mask = 8388608

[node name="CollisionShape3D" type="CollisionShape3D" parent="Trigger" index="0"]
transform = Transform3D(1, 0, 0, 0, 1, 0, 0, 0, 1, -0.048, 3.57025, 0.118)
shape = SubResource("BoxShape3D_28u7p")

[node name="Collisions" type="Node3D" parent="." index="4"]

[node name="Collision" type="StaticBody3D" parent="Collisions" index="0"]
collision_layer = 3
collision_mask = 3

[node name="CollisionShape3D" type="CollisionShape3D" parent="Collisions/Collision" index="0"]
transform = Transform3D(1, 0, 0, 0, 1, 0, 0, 0, 1, 0.023666, 0.960692, -6.10124)
shape = SubResource("BoxShape3D_ivu0u")

[node name="CollisionShape3D2" type="CollisionShape3D" parent="Collisions/Collision" index="1"]
transform = Transform3D(0.959864, 0, 0.280466, 0, 1, 0, -0.280466, 0, 0.959864, -1.91241, 0.960692, -5.7886)
shape = SubResource("BoxShape3D_ivu0u")

[node name="CollisionShape3D3" type="CollisionShape3D" parent="Collisions/Collision" index="2"]
transform = Transform3D(0.77148, 0, 0.636253, 0, 1, 0, -0.636253, 0, 0.77148, -3.83748, 0.960692, -4.8251)
shape = SubResource("BoxShape3D_ivu0u")

[node name="CollisionShape3D4" type="CollisionShape3D" parent="Collisions/Collision" index="3"]
transform = Transform3D(0.409031, 0, 0.91252, 0, 1, 0, -0.91252, 0, 0.409031, -5.40716, 0.960692, -2.73783)
shape = SubResource("BoxShape3D_ivu0u")

[node name="CollisionShape3D5" type="CollisionShape3D" parent="Collisions/Collision" index="4"]
transform = Transform3D(-0.385004, 0, 0.922915, 0, 1, 0, -0.922915, 0, -0.385004, -5.53651, 0.982013, 2.46537)
shape = SubResource("BoxShape3D_ivu0u")

[node name="CollisionShape3D6" type="CollisionShape3D" parent="Collisions/Collision" index="5"]
transform = Transform3D(-0.725795, 0, 0.687911, 0, 1, 0, -0.687911, 0, -0.725795, -4.07455, 0.982013, 4.39106)
shape = SubResource("BoxShape3D_ivu0u")

[node name="CollisionShape3D7" type="CollisionShape3D" parent="Collisions/Collision" index="6"]
transform = Transform3D(-0.93928, 0, 0.343151, 0, 1, 0, -0.343151, 0, -0.93928, -1.94191, 0.982013, 5.75229)
shape = SubResource("BoxShape3D_ivu0u")

[node name="CollisionShape3D8" type="CollisionShape3D" parent="Collisions/Collision" index="7"]
transform = Transform3D(-0.998771, 0, -0.0495646, 0, 1, 0, 0.0495646, 0, -0.998771, 0.512526, 0.982013, 6.10431)
shape = SubResource("BoxShape3D_ivu0u")

[node name="CollisionShape3D9" type="CollisionShape3D" parent="Collisions/Collision" index="8"]
transform = Transform3D(-0.877238, 0, -0.480055, 0, 1, 0, 0.480055, 0, -0.877238, 3.04294, 0.982013, 5.29163)
shape = SubResource("BoxShape3D_ivu0u")

[node name="CollisionShape3D11" type="CollisionShape3D" parent="Collisions/Collision" index="9"]
transform = Transform3D(-0.671488, 0, -0.741016, 0, 1, 0, 0.741016, 0, -0.671488, 4.43224, 0.982013, 4.26815)
shape = SubResource("BoxShape3D_ivu0u")

[node name="CollisionShape3D10" type="CollisionShape3D" parent="Collisions/Collision" index="10"]
transform = Transform3D(-0.424373, 0, -0.905487, 0, 1, 0, 0.905487, 0, -0.424373, 5.45549, 0.982013, 2.58398)
shape = SubResource("BoxShape3D_ivu0u")

[node name="CollisionShape3D12" type="CollisionShape3D" parent="Collisions/Collision" index="11"]
transform = Transform3D(0.400077, 0, -0.916481, 0, 1, 0, 0.916481, 0, 0.400077, 5.40007, 0.982013, -2.5185)
shape = SubResource("BoxShape3D_ivu0u")

[node name="CollisionShape3D13" type="CollisionShape3D" parent="Collisions/Collision" index="12"]
transform = Transform3D(0.762657, 0, -0.646803, 0, 1, 0, 0.646803, 0, 0.762657, 3.96682, 0.982013, -4.5932)
shape = SubResource("BoxShape3D_ivu0u")

[node name="CollisionShape3D14" type="CollisionShape3D" parent="Collisions/Collision" index="13"]
transform = Transform3D(0.894724, 0, -0.44662, 0, 1, 0, 0.44662, 0, 0.894724, 2.41952, 0.982013, -5.54108)
shape = SubResource("BoxShape3D_ivu0u")

[node name="Collision2" type="StaticBody3D" parent="Collisions" index="1"]
transform = Transform3D(1, 0, 0, 0, 1, 0, 0, 0, 1, 0, 1.95478, 0)
collision_layer = 3
collision_mask = 3

[node name="CollisionShape3D" type="CollisionShape3D" parent="Collisions/Collision2" index="0"]
transform = Transform3D(1, 0, 0, 0, 0.912177, -0.409796, 0, 0.409796, 0.912177, 0.023666, 0.960692, -5.66569)
shape = SubResource("BoxShape3D_ivu0u")

[node name="CollisionShape3D2" type="CollisionShape3D" parent="Collisions/Collision2" index="1"]
transform = Transform3D(0.959864, 0.122561, 0.252269, 0, 0.899466, -0.43699, -0.280466, 0.419451, 0.863365, -1.79645, 0.826089, -5.39174)
shape = SubResource("BoxShape3D_ivu0u")

[node name="CollisionShape3D3" type="CollisionShape3D" parent="Collisions/Collision2" index="2"]
transform = Transform3D(0.77148, 0.218529, 0.597548, 0, 0.939166, -0.343463, -0.636253, 0.264975, 0.724548, -3.62447, 0.83826, -4.56682)
shape = SubResource("BoxShape3D_ivu0u")

[node name="CollisionShape3D4" type="CollisionShape3D" parent="Collisions/Collision2" index="3"]
transform = Transform3D(0.409031, 0.298698, 0.862249, 0, 0.944909, -0.327333, -0.91252, 0.13389, 0.386497, -5.08703, 0.839162, -2.59433)
shape = SubResource("BoxShape3D_ivu0u")

[node name="CollisionShape3D5" type="CollisionShape3D" parent="Collisions/Collision2" index="4"]
transform = Transform3D(-0.385004, 0.390303, 0.836322, 0, 0.906175, -0.422903, -0.922915, -0.162819, -0.348881, -5.18681, 0.805179, 2.31949)
shape = SubResource("BoxShape3D_ivu0u")

[node name="CollisionShape3D6" type="CollisionShape3D" parent="Collisions/Collision2" index="5"]
transform = Transform3D(-0.725795, 0.236655, 0.645923, 0, 0.938962, -0.34402, -0.687911, -0.249688, -0.681494, -3.86452, 0.870149, 4.16946)
shape = SubResource("BoxShape3D_ivu0u")

[node name="CollisionShape3D7" type="CollisionShape3D" parent="Collisions/Collision2" index="6"]
transform = Transform3D(-0.93928, 0.121715, 0.32084, 7.45058e-09, 0.934981, -0.354699, -0.343151, -0.333162, -0.878209, -1.79588, 0.82057, 5.35256)
shape = SubResource("BoxShape3D_ivu0u")

[node name="CollisionShape3D8" type="CollisionShape3D" parent="Collisions/Collision2" index="7"]
transform = Transform3D(-0.998771, -0.0191361, -0.0457216, 0, 0.922464, -0.386083, 0.0495646, -0.385609, -0.92133, 0.490781, 0.798394, 5.66613)
shape = SubResource("BoxShape3D_ivu0u")

[node name="CollisionShape3D9" type="CollisionShape3D" parent="Collisions/Collision2" index="8"]
transform = Transform3D(-0.877238, -0.196977, -0.437782, 0, 0.911941, -0.410321, 0.480055, -0.359949, -0.79999, 2.85105, 0.61253, 4.94097)
shape = SubResource("BoxShape3D_ivu0u")

[node name="CollisionShape3D11" type="CollisionShape3D" parent="Collisions/Collision2" index="9"]
transform = Transform3D(-0.671488, -0.243256, -0.699951, 0, 0.944583, -0.328273, 0.741016, -0.220431, -0.634276, 4.14362, 0.846655, 4.00661)
shape = SubResource("BoxShape3D_ivu0u")

[node name="CollisionShape3D10" type="CollisionShape3D" parent="Collisions/Collision2" index="10"]
transform = Transform3D(-0.424373, -0.297665, -0.855162, -9.31323e-10, 0.944422, -0.328735, 0.905487, -0.139506, -0.400787, 5.11972, 0.867153, 2.42204)
shape = SubResource("BoxShape3D_ivu0u")

[node name="CollisionShape3D12" type="CollisionShape3D" parent="Collisions/Collision2" index="11"]
transform = Transform3D(0.400077, -0.309182, -0.862754, -7.45058e-09, 0.941376, -0.337358, 0.916481, 0.134969, 0.376623, 5.03236, 0.83823, -2.35798)
shape = SubResource("BoxShape3D_ivu0u")

[node name="CollisionShape3D13" type="CollisionShape3D" parent="Collisions/Collision2" index="12"]
transform = Transform3D(0.762657, -0.238996, -0.601028, 0, 0.929229, -0.369504, 0.646803, 0.281804, 0.708683, 3.6866, 0.771613, -4.26279)
shape = SubResource("BoxShape3D_ivu0u")

[node name="CollisionShape3D14" type="CollisionShape3D" parent="Collisions/Collision2" index="13"]
transform = Transform3D(0.894724, -0.152511, -0.419773, 0, 0.939889, -0.341479, 0.44662, 0.305529, 0.840942, 2.23308, 0.83035, -5.16759)
shape = SubResource("BoxShape3D_ivu0u")

[node name="Collision3" type="StaticBody3D" parent="Collisions" index="2"]
transform = Transform3D(1, 0, 0, 0, 1, 0, 0, 0, 1, 0, 3.90397, 0)
collision_layer = 3
collision_mask = 3

[node name="CollisionShape3D" type="CollisionShape3D" parent="Collisions/Collision3" index="0"]
transform = Transform3D(1, 0, 0, 0, 0.759759, -0.650204, 0, 0.650204, 0.759759, 0.023666, 0.480986, -4.70621)
shape = SubResource("BoxShape3D_ivu0u")

[node name="CollisionShape3D2" type="CollisionShape3D" parent="Collisions/Collision3" index="1"]
transform = Transform3D(0.959864, 0.169425, 0.223509, -8.3819e-09, 0.79692, -0.604085, -0.280466, 0.579839, 0.764935, -1.5197, 0.310865, -4.44458)
shape = SubResource("BoxShape3D_ivu0u")

[node name="CollisionShape3D3" type="CollisionShape3D" parent="Collisions/Collision3" index="2"]
transform = Transform3D(0.77148, 0.352199, 0.529881, 0, 0.832815, -0.553551, -0.636253, 0.427054, 0.6425, -2.97455, 0.403344, -3.77877)
shape = SubResource("BoxShape3D_ivu0u")

[node name="CollisionShape3D4" type="CollisionShape3D" parent="Collisions/Collision3" index="3"]
transform = Transform3D(0.409031, 0.567895, 0.714275, 1.11759e-08, 0.782749, -0.622337, -0.91252, 0.254555, 0.320169, -4.18982, 0.427058, -2.19217)
shape = SubResource("BoxShape3D_ivu0u")

[node name="CollisionShape3D15" type="CollisionShape3D" parent="Collisions/Collision3" index="4"]
transform = Transform3D(-4.37114e-08, 0.612024, 0.790839, -1.9984e-15, 0.790839, -0.612024, -1, -2.67524e-08, -3.45687e-08, -4.58651, 0.684857, 0.040849)
shape = SubResource("BoxShape3D_ivu0u")

[node name="CollisionShape3D5" type="CollisionShape3D" parent="Collisions/Collision3" index="5"]
transform = Transform3D(-0.385004, 0.5289, 0.756331, -7.45058e-09, 0.819502, -0.573076, -0.922915, -0.220637, -0.315512, -4.43012, 0.370472, 2.00383)
shape = SubResource("BoxShape3D_ivu0u")

[node name="CollisionShape3D6" type="CollisionShape3D" parent="Collisions/Collision3" index="6"]
transform = Transform3D(-0.725795, 0.371971, 0.578671, -7.45058e-09, 0.841199, -0.540725, -0.687911, -0.392455, -0.610538, -3.25423, 0.511307, 3.52557)
shape = SubResource("BoxShape3D_ivu0u")

[node name="CollisionShape3D7" type="CollisionShape3D" parent="Collisions/Collision3" index="7"]
transform = Transform3D(-0.93928, 0.181299, 0.291348, 1.11759e-08, 0.849036, -0.528335, -0.343151, -0.496254, -0.797483, -1.47276, 0.430411, 4.46813)
shape = SubResource("BoxShape3D_ivu0u")

[node name="CollisionShape3D8" type="CollisionShape3D" parent="Collisions/Collision3" index="8"]
transform = Transform3D(-0.998771, -0.0275179, -0.041224, 2.32831e-10, 0.831722, -0.555193, 0.0495646, -0.554511, -0.830699, 0.450352, 0.430563, 4.85144)
shape = SubResource("BoxShape3D_ivu0u")

[node name="CollisionShape3D9" type="CollisionShape3D" parent="Collisions/Collision3" index="9"]
transform = Transform3D(-0.877238, -0.24866, -0.410635, 3.72529e-09, 0.855391, -0.517982, 0.480055, -0.454394, -0.750382, 2.48251, 0.250441, 4.26751)
shape = SubResource("BoxShape3D_ivu0u")

[node name="CollisionShape3D11" type="CollisionShape3D" parent="Collisions/Collision3" index="10"]
transform = Transform3D(-0.671488, -0.38548, -0.632858, 0, 0.854042, -0.520205, 0.741016, -0.349311, -0.573478, 3.37812, 0.403975, 3.31293)
shape = SubResource("BoxShape3D_ivu0u")

[node name="CollisionShape3D10" type="CollisionShape3D" parent="Collisions/Collision3" index="11"]
transform = Transform3D(-0.424373, -0.484677, -0.76485, 0, 0.844683, -0.535267, 0.905487, -0.227153, -0.358461, 4.22336, 0.492304, 2.00195)
shape = SubResource("BoxShape3D_ivu0u")

[node name="CollisionShape3D16" type="CollisionShape3D" parent="Collisions/Collision3" index="12"]
transform = Transform3D(-3.84074e-08, -0.599191, 0.800606, -2.087e-08, 0.800606, 0.599191, -1, 6.30472e-09, -4.32543e-08, 4.70244, 0.336348, 0.0150764)
shape = SubResource("BoxShape3D_ivu0u")

[node name="CollisionShape3D12" type="CollisionShape3D" parent="Collisions/Collision3" index="13"]
transform = Transform3D(0.400077, -0.521418, -0.753698, -7.45058e-09, 0.822383, -0.568935, 0.916481, 0.227618, 0.329017, 4.22267, 0.478064, -2.00452)
shape = SubResource("BoxShape3D_ivu0u")

[node name="CollisionShape3D13" type="CollisionShape3D" parent="Collisions/Collision3" index="14"]
transform = Transform3D(0.762657, -0.37364, -0.527965, 0, 0.816269, -0.577672, 0.646803, 0.440566, 0.622533, 3.15351, 0.414432, -3.63422)
shape = SubResource("BoxShape3D_ivu0u")

[node name="CollisionShape3D14" type="CollisionShape3D" parent="Collisions/Collision3" index="15"]
transform = Transform3D(0.894724, -0.270826, -0.355137, 1.49012e-08, 0.795167, -0.606391, 0.44662, 0.542553, 0.711455, 1.80935, 0.443257, -4.31871)
shape = SubResource("BoxShape3D_ivu0u")

[node name="Collision4" type="StaticBody3D" parent="Collisions" index="3"]
transform = Transform3D(1, 0, 0, 0, 1, 0, 0, 0, 1, 0, 6.25209, 0)
collision_layer = 3
collision_mask = 3

[node name="CollisionShape3D" type="CollisionShape3D" parent="Collisions/Collision4" index="0"]
transform = Transform3D(1, 0, 0, 0, 0.662202, -0.749326, 0, 0.749326, 0.662202, 0.023666, -0.566453, -3.48731)
shape = SubResource("BoxShape3D_ivu0u")

[node name="CollisionShape3D2" type="CollisionShape3D" parent="Collisions/Collision4" index="1"]
transform = Transform3D(0.959864, 0.228536, 0.16258, -7.45058e-09, 0.579679, -0.814845, -0.280466, 0.78214, 0.556413, -1.1937, -0.601781, -3.3289)
shape = SubResource("BoxShape3D_ivu0u")

[node name="CollisionShape3D3" type="CollisionShape3D" parent="Collisions/Collision4" index="2"]
transform = Transform3D(0.77148, 0.460228, 0.439327, 7.45058e-09, 0.690491, -0.723341, -0.636253, 0.558043, 0.5327, -2.0811, -0.577532, -2.69544)
shape = SubResource("BoxShape3D_ivu0u")

[node name="CollisionShape3D4" type="CollisionShape3D" parent="Collisions/Collision4" index="3"]
transform = Transform3D(0.409031, 0.703484, 0.581208, 0, 0.636926, -0.770925, -0.91252, 0.315332, 0.260523, -3.06205, -0.599554, -1.68665)
shape = SubResource("BoxShape3D_ivu0u")

[node name="CollisionShape3D15" type="CollisionShape3D" parent="Collisions/Collision4" index="4"]
transform = Transform3D(-4.37114e-08, 0.800219, 0.599708, -2.66454e-15, 0.599708, -0.800219, -1, -3.49787e-08, -2.62141e-08, -3.26252, -0.438634, 0.0408489)
shape = SubResource("BoxShape3D_ivu0u")

[node name="CollisionShape3D5" type="CollisionShape3D" parent="Collisions/Collision4" index="5"]
transform = Transform3D(-0.385004, 0.720613, 0.576618, -7.45058e-09, 0.624779, -0.780801, -0.922915, -0.300612, -0.240543, -3.2127, -0.666331, 1.49597)
shape = SubResource("BoxShape3D_ivu0u")

[node name="CollisionShape3D6" type="CollisionShape3D" parent="Collisions/Collision4" index="6"]
transform = Transform3D(-0.725795, 0.550357, 0.412709, 0, 0.599946, -0.800041, -0.687911, -0.580665, -0.435437, -2.25418, -0.57768, 2.47045)
shape = SubResource("BoxShape3D_ivu0u")

[node name="CollisionShape3D7" type="CollisionShape3D" parent="Collisions/Collision4" index="7"]
transform = Transform3D(-0.93928, 0.269835, 0.211996, 0, 0.617791, -0.786342, -0.343151, -0.738596, -0.580279, -0.997297, -0.579089, 3.16667)
shape = SubResource("BoxShape3D_ivu0u")

[node name="CollisionShape3D8" type="CollisionShape3D" parent="Collisions/Collision4" index="8"]
transform = Transform3D(-0.998771, -0.0397542, -0.0296016, 0, 0.597233, -0.802068, 0.0495646, -0.801082, -0.596499, 0.380392, -0.62298, 3.4417)
shape = SubResource("BoxShape3D_ivu0u")

[node name="CollisionShape3D9" type="CollisionShape3D" parent="Collisions/Collision4" index="9"]
transform = Transform3D(-0.877238, -0.361493, -0.315873, 1.49012e-08, 0.657993, -0.753024, 0.480055, -0.660581, -0.577217, 1.82169, -0.64907, 3.05994)
shape = SubResource("BoxShape3D_ivu0u")

[node name="CollisionShape3D11" type="CollisionShape3D" parent="Collisions/Collision4" index="10"]
transform = Transform3D(-0.671488, -0.620155, -0.405601, -7.45058e-09, 0.547359, -0.836898, 0.741016, -0.561967, -0.367545, 2.32132, -0.601032, 2.35529)
shape = SubResource("BoxShape3D_ivu0u")

[node name="CollisionShape3D10" type="CollisionShape3D" parent="Collisions/Collision4" index="11"]
transform = Transform3D(-0.424373, -0.738555, -0.523874, 0, 0.578555, -0.815643, 0.905487, -0.346137, -0.245523, 2.98994, -0.455259, 1.42389)
shape = SubResource("BoxShape3D_ivu0u")

[node name="CollisionShape3D16" type="CollisionShape3D" parent="Collisions/Collision4" index="12"]
transform = Transform3D(-3.84074e-08, -0.788054, 0.615606, -2.087e-08, 0.615606, 0.788054, -1, 1.74194e-08, -4.00905e-08, 3.55532, -0.706114, 0.0150765)
shape = SubResource("BoxShape3D_ivu0u")

[node name="CollisionShape3D12" type="CollisionShape3D" parent="Collisions/Collision4" index="13"]
transform = Transform3D(0.400077, -0.729802, -0.554371, -7.45058e-09, 0.604891, -0.796308, 0.916481, 0.318585, 0.242003, 3.03573, -0.488167, -1.48638)
shape = SubResource("BoxShape3D_ivu0u")

[node name="CollisionShape3D13" type="CollisionShape3D" parent="Collisions/Collision4" index="14"]
transform = Transform3D(0.762657, -0.514788, -0.391596, -1.86265e-09, 0.605433, -0.795896, 0.646803, 0.606996, 0.461738, 2.24817, -0.623082, -2.56671)
shape = SubResource("BoxShape3D_ivu0u")

[node name="CollisionShape3D14" type="CollisionShape3D" parent="Collisions/Collision4" index="15"]
transform = Transform3D(0.894724, -0.360547, -0.263581, 2.23517e-08, 0.590169, -0.80728, 0.446619, 0.722292, 0.528038, 1.24167, -0.650767, -3.18146)
shape = SubResource("BoxShape3D_ivu0u")

[node name="Collision5" type="StaticBody3D" parent="Collisions" index="4"]
transform = Transform3D(1, 0, 0, 0, 1, 0, 0, 0, 1, 0, 6.25209, 0)
collision_layer = 3
collision_mask = 3

[node name="CollisionShape3D" type="CollisionShape3D" parent="Collisions/Collision5" index="0"]
transform = Transform3D(1, 0, 0, 0, 1, 0, 0, 0, 1, -0.0610962, 0.529541, -0.138611)
visible = false
shape = SubResource("BoxShape3D_ngd3m")

[node name="CollisionShape3D5" type="CollisionShape3D" parent="Collisions/Collision5" index="1"]
transform = Transform3D(1, 0, 0, 0, 1, 0, 0, 0, 1, 0.0114152, -6.36035, 0.00128174)
visible = false
shape = SubResource("BoxShape3D_lxkkl")

[node name="CollisionShape3D2" type="CollisionShape3D" parent="Collisions/Collision5" index="2"]
transform = Transform3D(1, 0, 0, 0, 1, 0, 0, 0, 1, -0.0105345, -6.14233, -0.138611)
visible = false
shape = SubResource("CylinderShape3D_bqdgl")

[node name="CollisionShape3D3" type="CollisionShape3D" parent="Collisions/Collision5" index="3"]
transform = Transform3D(0.893489, 0.449085, 0, -0.449085, 0.893489, 0, 0, 0, 1, 6.58946, -6.26604, -0.0413208)
visible = false
shape = SubResource("BoxShape3D_g8vjk")

[node name="CollisionShape3D4" type="CollisionShape3D" parent="Collisions/Collision5" index="4"]
transform = Transform3D(0.893371, -0.449319, 0, 0.449319, 0.893371, 0, 0, 0, 1, -6.63772, -6.25127, -0.0413208)
visible = false
shape = SubResource("BoxShape3D_g8vjk")

[node name="Collision6" type="StaticBody3D" parent="Collisions" index="5"]
collision_layer = 3
collision_mask = 3

[node name="CollisionShape3D3" type="CollisionShape3D" parent="Collisions/Collision6" index="0"]
transform = Transform3D(1, 0, 0, 0, -4.37114e-08, -1, 0, 1, -4.37114e-08, -0.139339, 6.82737, 0.0531445)
shape = SubResource("BoxShape3D_n6w78")

[node name="CollisionShape3D4" type="CollisionShape3D" parent="Collisions/Collision6" index="1"]
transform = Transform3D(1, 0, 0, 0, -4.37114e-08, -1, 0, 1, -4.37114e-08, 0.000576973, 0.155908, -0.0125351)
shape = SubResource("BoxShape3D_n6w78")
